6
1
9.99998172e-001    -2.14208788e-004 1.89989177e-003 -1.93117276e-001
2.02612526e-004 9.99981364e-001 6.10173716e-003 5.98445944e-002
-1.90116341e-003 -6.10134107e-003 9.99979579e-001 -6.17520698e-001
0.00000000e+000 0.00000000e+000 0.00000000e+000 1.00000000e+000
2
1.00000000e+000   0.00000000e+000 0.00000000e+000 0.00000000e+000
0.00000000e+000 1.00000000e+000 0.00000000e+000 0.00000000e+000
0.00000000e+000 0.00000000e+000 1.00000000e+000 0.00000000e+000
0.00000000e+000 0.00000000e+000 0.00000000e+000 1.00000000e+000
3
-3.27584297e-003 -9.99993876e-001 1.23169211e-003 -1.07390619e+002
9.99979597e-001 -3.26903655e-003 5.48806248e-003 5.11416101e+001
-5.48400242e-003 1.24964501e-003 9.99984182e-001 -8.38579764e-001
0.00000000e+000 0.00000000e+000 0.00000000e+000 1.00000000e+000
4
-2.95896658e-003 -9.99995452e-001 -5.84292984e-004 -1.07389924e+002
9.99980554e-001 -2.96212905e-003 5.48787427e-003 5.10966935e+001
-5.48958006e-003 -5.68043185e-004 9.99984771e-001 -7.52437488e-001
0.00000000e+000 0.00000000e+000 0.00000000e+000 1.00000000e+000
5
-3.84922828e-003 -9.99988418e-001 -2.88904306e-003 -1.07394907e+002
9.99947321e-001 -3.87652800e-003 9.50404636e-003 5.06306311e+001
-9.51513574e-003 -2.85230763e-003 9.99950662e-001 -1.23752379e+000
0.00000000e+000 0.00000000e+000 0.00000000e+000 1.00000000e+000
6
-3.77749331e-003 -9.99973149e-001 -6.27953708e-003 -1.07434683e+002
9.99947011e-001 -3.83738138e-003 9.55248686e-003 5.05888826e+001
-9.57632734e-003 -6.24311988e-003 9.99934657e-001 -1.59307085e+000
0.00000000e+000 0.00000000e+000 0.00000000e+000 1.00000000e+000